1998719 117046.91851009663 1854207.8932920264 2231248.2741235504
1923315 1517026.5471080977 91929.62395563388 1934434.508031574
2812797 701490.4967319305 2979977.557740246 739816.0610053897
1601758 2390851.995457771 2741704.2506059953 2937811.8709183116
2812797 701490.4967319305 2979977.557740246 739816.0610053897
1923315 1517026.5471080977 91929.62395563388 1934434.508031574
414911 1684326.691106092 1994128.4010104195 1156439.987681992
1526345 197470.72632283514 1129218.1900324686 2899137.1298509985
1319051 2472368.363324168 152212.0993613606 156380.0534570169
1113853.2978536757
1061212.873991173