2424209 2352372.2334080357 2845908.9079234204 177478.73440221988
1806650 2034330.997578602 2529415.5805759914 798519.2582816525
2189889 2077988.258754302 193884.26812870122 1743194.524992052
1806650 2034330.997578602 2529415.5805759914 798519.2582816525
2112649 576462.2496411903 902149.4642687553 2064615.307732581
1798172 362749.12189691246 1760014.9424381969 1548233.4157238025
2057103 2582678.924221318 1505600.1564517645 2521426.86600952
2196378 2452439.8787113065 2343506.857812623 148720.6463904922
2189889 2077988.258754302 193884.26812870122 1743194.524992052
2792979.758699319
36758.42958862242