1785267 1029539.0780900785 1810791.4733805254 1012176.9067900002
544165 627887.8138160558 140408.47971012062 41666.42624591356
2169499 498591.3491039877 1072546.9595888124 1256951.1474930171
544165 627887.8138160558 140408.47971012062 41666.42624591356
2037742 2263092.3842572323 165976.8940373503 208958.01767429282
1796791 2083245.0891945383 2005559.6066702357 1358347.8013184958
1497767 1083827.6433189572 2730115.9836864546 2032590.6969337647
928894 2258906.43605773 836782.7091552168 1463032.4493086238
839033 562109.4726674235 1844986.9570389998 1836559.6488070325
391948.78026215907
2330704.1529723383
