172474105856 165259801107 147531389157 48785851431
156637265920 16623019073 168309619011 76164666090
120963989504 155728250256 101750146602 180394410417
92814704640 50480313071 176793741268 159224561678
127783403520 60487149796 127975966963 177205125191
173554925568 143778827329 163311159318 66271696999
148352860160 32567570125 144287843864 68616607674
103503495168 176032278566 190465977210 85473864116
122123190272 38139688269 19376168023 112554123371
190215749632 182329324360 92180657251 27653491768
5804064768 182292223211 74232635415 60010412414
52032045056 36404797721 115519674974 88812327416
68781735936 34085876493 125120830540 173576478077
179164217344 38706171040 118942443992 105595524590
14172356608 38937611044 4574282916 89004162149
56254267392 166391359925 154222145398 181612018469
5926223872 90845586469 99142297059 109588005779
174648852480 192953336077 103343800104 100273693004
57011404800 173386440449 190074602782 144683097576
191986663424 140852995238 9015653428 47709596263
49662066688 135968080293 164232851924 101789624116
150100901888 2270672013 94007961464 109501081718
80266133504 80793692991 26351519415 53034745005
128884539392 91361363681 132162980100 176328465180
6247284736 152616438422 90253454493 14395386520
79568437248 139694111203 131490930967 135980728481
31757893632 53278984082 79217705406 67524794969
22065709056 187706273509 119001946689 63196723540
81340071936 81518594004 7182222748 15877603845
154036469760 142826665933 13651151697 141203734439
85462286336 98936063985 9093960438 78623692605
132376756224 36357801954 114090183034 74021471720
41758752768 154828948225 142996498139 47987239872
9008054272 46244512038 182423261819 96227561558
6248267776 139956736756 70660133398 103332768688
29978853376 71903498495 147980601375 104328264999
149856190464 79214373686 85353553365 170555941682
62559879168 91133165949 116045600238 16869034485
129505558528 196287387621 14607673349 28672540606
85521268736 113974177952 36886199614 66260568610
170129358848 98871529414 33353991748 86207252397
80204267520 116643449630 192112262342 182449680093
108174180352 8731300496 165243407219 116898629077
186705051648 41877181283 161154600191 111043037222
77814235136 138796471532 43134301566 69772920615
64507740160 164557889222 115983371920 135845962482
17460101120 28602659729 112242591868 97689734942
90002096128 168550934004 16600434361 101473439240
69391351808 114521201223 77414623138 127869544418
29861478400 80337549537 173431523815 191282213577
180239138816 21218181282 37846201087 102139722489
34235940864 81565458064 17116182808 107439920231
69777752064 109229073730 95225485734 153923912764
121977700352 32247284339 60415711429 163761037749
55804297216 2344964401 81679020043 12412582877
33839579136 140189825888 68362782109 15146486044
192690061312 172224748763 101240526135 10317279720
170159702016 68571262455 104677303121 156227790070
24861736960 175361223908 132883853354 66093669205
108715507712 77861913276 47485529676 4395001702
143807873024 8107828706 14759803485 168110346238
191332679680 6972075539 35972425217 73541454126
21677539328 179679438214 159744996300 67405623413
71374929920 30876952370 5791641570 84927517465
120876498944 64129415304 18841088807 84668014690
162509946880 127484400075 62257559661 101196240117
161482604544 118561131954 128720392505 124995249983
51977519104 116713230399 43856737772 46713082544
36131635200 104719552686 100876337908 193261487470
96179126272 166671593994 176483828610 85837401517
33779613696 35540827166 3227217730 125921415799
162742534144 115151143435 74525757594 61361387668
194021883904 146622312235 31001560335 100293109708
141316915200 84877591885 102594284724 5646312638
169690398720 119644843896 98020538894 38429897989
138208280576 34720798640 55077159400 184604087658
80428466176 84644215837 111954287939 66575525807
52188741632 111230833917 65026705759 30928063333
69229871104 6192294673 54329026375 33702667645
114788859904 40795755850 5867093471 7801437473
168053047296 86227216381 125167454812 3899486593
192262242304 192617336310 129144406543 16073258778
108729532416 167877416243 143916293316 27777208954
23575265280 173948861218 37804683315 189810374697
33180876800 176860038076 4014698693 49104969289
174805811200 43670765673 153682218391 62557353478
139589844992 195010647546 1339029076 164545356840
86503063552 59457673093 38916524871 37821535303
5767757824 91337531663 124626574960 193641393268
175246737408 25456319144 37107896131 136916771082
114428280832 173426778145 193978234638 48593854887
7334461440 153803706365 113392560505 56727535302
54885548032 160830770179 27321743029 75757773023
150356885504 79364041925 60694427335 157227780293
117015773184 28358022454 9841042870 84651955303
154331185152 85070740364 183384001482 50598239166
96993804288 41846742284 48028789103 109735324615
126159290368 134682628727 51193301212 28838632120
43092213760 144978711084 159669455689 140795225556
123174322176 109861655791 90240462854 724090988
2120089600 8022524186 133453928004 152310506355
158204362752 740301083 128602561718 163330476938
105909583872 123801591104 95456322119 74450260271
57337577472 78296219624 2720131129 2557646057
15599796224 62890615721 131158366430 136890481304
168191393792 18838348167 14543114582 16221377651
124703997952 171138237620 147389785522 135255323992
23230939136 165769921043 53944306816 52030023210
175966191616 76430108775 50308647724 100232415735
136323268608 117341758349 45700352914 143948634946
181630861312 88941407001 8705713561 184119989636
53625683968 158893768926 5435809783 149407908486
52726595584 69773634049 65924560435 165108044908
118635692032 105194349924 41062968721 152130328533
172382224384 74789444033 53171969818 100211509327
65980661760 69365802182 78879822852 177031993236
29951721472 73563829948 89597664388 108426265054
8345812992 174994286664 59836282660 108559472756
38628950016 68937726286 190854396110 193713496493
37936824320 42651410064 12029472036 174673618801
97261715456 81963510779 12586293876 159688458770
137232842752 171938376212 159746341108 100020489462
108988923904 116923022195 173776396912 6136853939
75275698176 17458070247 182378141165 147271854669
46417182720 58485457742 6221662735 27320620840
159743279104 22452110239 79114866047 76405880062
187711488000 27816518231 180243500138 187897607893
157140844544 137592821428 95562233673 5951933951
67220275200 178438538251 99397871843 101496635740
30819942400 62051640958 59220575310 75838860502