bundle: 
1316101,1332873.0062682498,1688577.173639137,1125126.5261196084
2083431,1343706.0794176906,1699919.0845775765,253786.78903403512
1745661,2726142.293408796,2519652.867794257,739616.3755174411
mempool_txs: 
1349301,2175470.6989335236,1569953.982870807,608606.3434562202
2771842,2498278.4024684867,183591.28868780858,1870100.514124418
2083431,1343706.0794176906,1699919.0845775765,253786.78903403512
1214595,2460959.824665603,1418901.3123506734,1031393.5779941007
290414,43934.01874063352,2044429.3890146057,521822.2381306703
1316101,1332873.0062682498,1688577.173639137,1125126.5261196084
coinbase_difference: 2748716.3495741165
basefee: 186923.7400747595
