bundle: 
424155,1521904.2937173508,1372232.1107407082,1292181.3673814842
1369822,1969997.977073339,2985485.331187962,2372421.039170942
2949853,1301729.595449941,2932901.938869082,1999858.1900923483
mempool_txs: 
630546,2437458.137499321,1766925.2012884761,2978041.995194426
1393140,1264311.2813769116,478114.34833520686,2229494.726098287
1141997,2541236.1977534425,190537.10565907933,1703631.3061560763
665849,2985329.7067601704,1807198.6336106472,2999528.689844898
1288556,2440389.0806346186,1004375.5288629296,2365670.4728150824
1441922,761204.4499096744,1714755.9786882156,1814819.638689242
coinbase_difference: 592734.6504144635
basefee: 1664921.0251267587
