2083706 2273307.8860226846 12310.36035185557 957227.9358716283
2124051 1698685.4569238075 2859719.0291450545 1076828.0587429537
475986 495624.6322695067 825502.0378192259 292092.6336715027
1344517 1607355.4920039282 1216955.6519239717 2444724.3049608455
2124051 1698685.4569238075 2859719.0291450545 1076828.0587429537
2083706 2273307.8860226846 12310.36035185557 957227.9358716283
2841674 447020.2832200001 1370123.235585326 865602.6674848397
2370072 322586.79574409773 278498.1371633413 2513437.214600457
475986 495624.6322695067 825502.0378192259 292092.6336715027
2874519.0494801914
2719330.4535688413
