bundle: 
229779,1523621.8060465408,1261357.593453061,1046627.9798970544
2457411,1579981.1056650286,1215333.1038985502,1477664.7690818207
2587215,621585.4796767625,125051.71027409242,2657856.43489122
mempool_txs: 
592654,951909.2439076654,309918.86093662365,2948879.5428907634
1176267,108604.43794656637,2588442.836027888,911415.1618142071
518892,1302061.7278528663,48907.27871582673,450115.00561200676
1480663,2358619.3468066463,1063514.3276272088,1418684.4789069311
2394196,1049409.4310617698,458508.8211412683,2887086.662003878
1702398,2394243.944180051,9469.733840189792,1201297.8063088404
coinbase_difference: 2825769.0536886943
basefee: 632138.5916033484
