1030913 1173128.9131345132 2911534.6099425256 2113814.6886996096
2435933 1940287.6564933022 1382006.6328465093 812059.825165429
832240 1159731.8184821822 2989054.5822953526 807145.4649095779
2914741 1782111.5432678934 1970279.0881562561 2934982.7328687324
2435933 1940287.6564933022 1382006.6328465093 812059.825165429
1862396 1279293.3691874882 1222202.4516022976 201997.69195510485
2707753 2419442.2320057824 1042265.9709570672 484513.343693013
2041860 493482.2647273508 12898.048745718364 1452602.428543112
2890854 2678054.061466656 2772913.1182299242 1115712.7116711114
1576768.1310004995
1038672.4009638558
