bundle: 
2592888,1307376.251840614,1703207.9888269743,2591604.348022833
399685,1458456.587111162,750393.7894867453,1647946.7390509148
2327354,2362671.2111793556,1992716.6106262503,7917.3992503742265
mempool_txs: 
399685,1458456.587111162,750393.7894867453,1647946.7390509148
2526311,1277696.6847842804,1137170.3051562428,803120.734337062
1490305,887026.9750331921,1967755.8718095503,655036.637161976
359572,496778.2803624118,1829560.0301536943,1612898.0335928146
2327354,2362671.2111793556,1992716.6106262503,7917.3992503742265
558915,1538971.519972555,2403348.2354297754,2042643.5626237295
coinbase_difference: 1306459.9533215065
basefee: 1772796.3207033752
