36794 1816139.8597597757 1070349.0883176178 2937963.8698599334
1748318 1182211.7094687002 2104641.3207587074 248402.043178237
1508595 1865649.478855018 1234144.2587573307 2732440.395841149
875556 952488.64418656 739940.2011367757 2296328.8137036054
1313972 685049.7517298438 63826.475583196494 624813.5207664234
1748318 1182211.7094687002 2104641.3207587074 248402.043178237
970161 1327207.8739879788 6724.0963208485155 1211948.843047399
2399775 657568.8539925382 1188215.2501634709 2972642.3888044427
36794 1816139.8597597757 1070349.0883176178 2937963.8698599334
1059001.9781281448
1277514.132987353
