bundle: 
1638894,2890014.022076536,841360.909312355,1022713.5677897836
1474330,474268.54218304256,1274902.4723597313,1825250.3211055575
1663934,1348035.0928210737,448763.86483910104,2729377.3753789216
mempool_txs: 
2253694,2048609.3609976748,2028076.5621922452,1175783.0020000574
1527292,1014589.6915285886,2177746.8623530054,26005.61553133147
170842,2453017.1904234337,1596857.8107314627,443380.12055638386
1474330,474268.54218304256,1274902.4723597313,1825250.3211055575
1663934,1348035.0928210737,448763.86483910104,2729377.3753789216
1642065,2107985.305773491,1488863.8352884252,1858204.9109100767
coinbase_difference: 1161088.2953991583
basefee: 776448.272518324
