bundle: 
2455199,2866389.8841259424,1649687.0434804899,2847812.0417238236
1248931,724827.5935108316,572110.2284298266,646134.8711507784
2085470,2903519.479288641,2871429.4981286395,607864.3016226378
mempool_txs: 
38708,1108319.1942142323,682805.552025273,1831501.3914222862
1578832,1966141.540918203,2236364.392773865,685022.5601129179
313233,2548838.7276199213,2763724.046226741,1905388.0968470038
998756,589969.4703616757,2566150.206156973,2113938.238120171
120269,1240296.7486746558,584625.6329270059,1669796.5053451592
1259790,1291927.1336132633,1426479.283898569,1762576.6468687474
coinbase_difference: 89136.58721732377
basefee: 2104220.3727204395
