bundle: 
1817290,2342066.0945841544,1698018.6153411495,1580430.3792722584
2678503,2229838.5869740397,1120031.351289475,745453.2556343685
1160629,432224.4628527557,911238.2394260304,2088219.5026967602
mempool_txs: 
1033246,1055710.9355545184,428374.18447264744,771002.467167608
1160629,432224.4628527557,911238.2394260304,2088219.5026967602
1985320,2271386.830899017,1063332.9427319728,407136.53419101355
351000,1782976.4442989973,670047.9440955339,2139751.5379481525
835620,1764901.6566702828,2702121.3580545243,2048186.356803115
791462,1590911.7431226259,601456.8497954648,1560797.1702993736
coinbase_difference: 1534809.5517207836
basefee: 1799203.0838891028
